0000                                                       
0010                                                       
0011                                                       
0020                                                       
0021                                                       
0022                                                       
0023                                                       
0025                                                       
0026                                                       
0030                                                       
0031                                                       
0032                                                       
0040                                                       
0042                                                       
0043                                                       
0050                                                       
0051                                                       
0052                                                       
0053                                                       
0065                                                       
0070                                                       
0072                                                       
0074                                                       
0075                                                       
0080                                                       
0081                                                       
0100                                                       
0103                                                       
0110                                                       
0111                                                       
0112                                                       
0120                                                       
0121                                                       
0130                                                       
0140                                                       
0141                                                       
0142                                                       
0145                                                       
0146                                                       
0147                                                       
0160                                                       
0199                                                       
0200                                                       
0201                                                       
0202                                                       
0203                                                       
0204                                                       
0205                                                       
0208                                                       
0212                                                       
0213                                                       
0215                                                       
0216                                                       
0217                                                       
0218                                                       
0219                                                       
0221                                                       
0222                                                       
0223                                                       
0230                                                       
0900                                                       
0901                                                       
0902                                                       
0903                                                       
0904                                                       
0905                                                       
0906                                                       
0907                                                       
0908                                                       
0909                                                       
0910                                                       
0911                                                       
0912                                                       
0913                                                       
0914                                                       
0915                                                       
0916                                                       
0917                                                       
0918                                                       
0919                                                       
0920                                                       
0921                                                       
0922                                                       
0923                                                       
0924                                                       
0925                                                       
0926                                                       
0927                                                       
0928                                                       
0929                                                       
0930                                                       
0931                                                       
0932                                                       
0933                                                       
0934                                                       
0935                                                       
0936                                                       
0937                                                       
0938                                                       
0939                                                       
0940                                                       
0941                                                       
0942                                                       
0943                                                       
0944                                                       
0945                                                       
0946                                                       
0947                                                       
0948                                                       
0949                                                       
